state,year,total,dem,gop,AGE18PLUS_TOT,turnout
Arizona,2012,2299254,1025232,1233654,4938247,0.4656012548582523
Arizona,2016,2604277,1161167,1252401,5305854,0.49083088226702054
Arizona,2020,3385294,1672143,1661686,5638481,0.6003911337113665
Florida,2012,8474179,4237756,4163447,15290076,0.5542273955996033
Florida,2016,9420039,4504975,4617886,16454125,0.5725031868908252
Florida,2020,11067456,5297045,5668731,17247808,0.6416731911672486
Georgia,2012,3900050,1773827,2078688,7417397,0.525797661902147
Georgia,2016,4114711,1877963,2089104,7793397,0.527974001581082
Georgia,2020,4998482,2474507,2461837,8113542,0.6160665711719986
Michigan,2012,4730961,2564569,2115256,7624341,0.6205075297655234
Michigan,2016,4799284,2268839,2279543,7756650,0.6187315400333907
Michigan,2020,5538212,2804040,2649852,7842924,0.7061412299800431
North Carolina,2012,4505372,2178391,2270395,7469320,0.6031836900815603
North Carolina,2016,4741564,2189316,2362631,7860707,0.6031981601654914
North Carolina,2020,5524812,2684299,2758776,8187369,0.6747969952252061
Ohio,2012,5580822,2827621,2661407,8880304,0.6284494314609049
Ohio,2016,5496487,2394164,2841005,9016559,0.6095991830142741
Ohio,2020,5762920,2603681,3074418,9111081,0.6325177001499602
Pennsylvania,2012,5742040,2990274,2680434,10027028,0.5726562247557302
Pennsylvania,2016,6115402,2926441,2970733,10107032,0.6050640781586523
Pennsylvania,2020,6907539,3454526,3373720,10167376,0.679382664711131
Wisconsin,2012,3071434,1620985,1410966,4403224,0.6975420737168947
Wisconsin,2016,2975753,1381823,1404440,4484319,0.6635908373155434
Wisconsin,2020,3296650,1630503,1610076,4555837,0.7236101730593083
